1 -124.41487 48.42968 -9.00174 .00000
1 -124.44876 48.44079 -8.30466 .00278
1 -124.47679 48.44944 -8.33206 .00556
1 -124.49639 48.45536 -10.96378 .00833
1 -124.50573 48.45798 -14.61129 .01111
1 -124.50788 48.45642 -8.19670 .01389
1 -124.50107 48.45410 -5.00385 .01667
1 -124.48749 48.45079 -4.44828 .01944
1 -124.47271 48.44726 -4.65176 .02222
1 -124.45916 48.44504 -4.88670 .02500
1 -124.45069 48.44459 -4.91332 .02778
1 -124.45003 48.44702 -5.15143 .03056
1 -124.45657 48.45251 -4.74054 .03333
1 -124.46816 48.46013 -3.84934 .03611
1 -124.48209 48.46850 -2.68302 .03889
1 -124.49730 48.47519 -2.73306 .04167
1 -124.51125 48.47980 -2.74597 .04444
1 -124.52524 48.48275 -2.68697 .04722
1 -124.53855 48.48494 -2.87517 .05000
1 -124.55189 48.48679 -2.70674 .05278
1 -124.56740 48.49006 -3.16846 .05556
1 -124.58943 48.49534 -3.00703 .05833
1 -124.61552 48.50282 -4.07704 .06111
1 -124.64619 48.51181 -3.82224 .06389
1 -124.67899 48.52129 -5.01384 .06667
1 -124.70927 48.53001 -5.29870 .06944
1 -124.73302 48.53765 -5.72892 .07222
1 -124.74876 48.54340 -5.32462 .07500
1 -124.75840 48.54654 -3.75050 .07778
1 -124.76316 48.54534 -2.86780 .08056
1 -124.76746 48.53965 -2.21162 .08333
1 -124.76985 48.53480 -2.04687 .08611
1 -124.77429 48.53245 -2.45008 .08889
1 -124.77683 48.53600 -6.84535 .09167
1 -124.77654 48.54410 -14.02157 .09444
1 -124.77621 48.55360 -14.92141 .09722
1 -124.77897 48.56360 -15.11871 .10000
1 -124.78650 48.57244 -16.22665 .10278
1 -124.79794 48.58229 -14.70058 .10556
1 -124.80996 48.59307 -12.31433 .10833
1 -124.82163 48.60504 -10.63858 .11111
1 -124.83070 48.61647 -10.05919 .11389
1 -124.83653 48.62622 -15.33432 .11667
1 -124.84062 48.63396 -14.80615 .11944
1 -124.84415 48.63944 -16.46105 .12222
1 -124.84745 48.64283 -20.02332 .12500
1 -124.85181 48.64442 -24.16746 .12778
1 -124.85703 48.64484 -28.39799 .13056
1 -124.86287 48.64393 -31.72716 .13333
1 -124.86738 48.64119 -34.80998 .13611
1 -124.87135 48.63750 -39.00843 .13889
1 -124.86899 48.63336 -42.73199 .14167
1 -124.86365 48.62920 -45.93410 .14444
1 -124.85307 48.62329 -48.57652 .14722
1 -124.83576 48.61331 -49.44837 .15000
1 -124.81544 48.59996 -50.77550 .15278
1 -124.79935 48.58862 -58.74952 .15556
1 -124.78248 48.57811 -70.02354 .15833
1 -124.77166 48.57268 -79.27035 .16111
1 -124.76407 48.56903 -80.60516 .16389
1 -124.75733 48.56762 -65.89500 .16667
1 -124.75886 48.56497 -59.49789 .16944
1 -124.76469 48.56668 -44.87463 .17222
1 -124.77153 48.56992 -30.37206 .17500
1 -124.78007 48.57238 -34.90370 .17778
1 -124.78964 48.57440 -33.17585 .18056
1 -124.79961 48.57617 -28.69867 .18333
1 -124.80807 48.57785 -26.88242 .18611
1 -124.81515 48.57952 -31.22374 .18889
1 -124.82147 48.58100 -36.99317 .19167
1 -124.82715 48.58323 -42.01712 .19444
1 -124.83424 48.58465 -45.38135 .19722
1 -124.84450 48.58536 -46.41905 .20000
